499398708.66071427
-179636610.97619048
-104055456.0
11037195.025
31825189.210526317
-32042340.88235294
39234640.73170732
105829803.46153846
166786023.4
92664254.4
-68214199.57142857
239985282.3478261
-412561371.1034483
-1143364.4047619049
-274620931.4
20117616.415584415
124735460.47169812
-1530569.6170212766
-149302138.42857143
228845056.4528302
73871359.6875
72516732.65789473
-76936261.36363636
-156046777.20967743
-162875573.41379312
-173159169.55555555
-99958947.26086956
-74539259.47916667
235476827.075
98491595.0
166973248.70833334
-18364293.89090909
362686838.4848485
-109405306.01851852
9287480.942307692
363708438.4054054
-132912756.65517241
310265545.82857144
-14263891.615384616
221199051.30232558
253290513.84848484
-185048797.4509804
-129907945.01666667
16890566.880597014
-335994979.65217394
-131800811.90476191
-66305297.21666667
-123301780.59375
-22460092.64285714
-273945230.0
46077712.71428572
6744045.65625
-383388344.6666667
105510009.87096775
250889528.0526316
-212928175.68656716
-151741937.96103895
-78764544.525
-55240915.872340426
-97418266.32786885
45759266.28333333
-94935872.77777778
270426373.8095238
-560315589.3333334
113761883.65151516
169648253.04166666
27995836.47761194
161791274.92982456
71463517.1081081
-51953044.77272727
-71309823.97959183
390944691.05263156
-102532312.89090909
157191987.14545456
234432875.2631579
-17059872.727272727
25938312.883116882
-30073222.675324675
407371778.75
-270246177.01785713
52002153.488372095
-18431006.4375
182182343.16326532
-118669403.3125
-81668674.60344827
-45947274.01960784
-87379885.66666667
51906760.78461538
12523845.263157895
-178509954.5277778
34991873.093333334
117361244.97297297
185938244.48076922
-133169265.39726028
-2556372.4864864866
20299171.76190476
167230258.47619048
-70174902.33333333
