7925,17269,8273,4162,5531,16307,17477,6783,8808,11493,19850,14887,11106,4059,6698.5,9338,11626,14632,12046,5388,12714,10671,4727,9035,
9303,15872,15015,13386,6888,16344,18202,18000,8761,10341,7931,13996,19488,17739,4309,16840,10062,14789,14656,17597,9169,10759,12460,6755,9971,15300,7600,5208,6355,8575,19474,8656,9904,17842,4911,5366,11280,15975,11345,4230,13916,19776,18723,5212,13891,9852,8802,11087,13554,12353,17272,11660,9050,6087,12088,14293,
15747,10886,17487,19937,7170,14823,8297,4954,12905,13170,19977,16241,6984,12676,8211.0,3746,14278,14265,
17046,10247,5526,12201,18957,16292,18426,6875,18742,4167,12553,19598,11605,13216,17082,13048,7716,6662,6581,7723,15419,13101,17302,13028,
11235,9355,7727,11579,15712,11409,3543,11599,6892,14230,14510,19808,11805,6450,18203,5503,11457,15471,13797,13041,10467.0,19399,12651,18645,9083,15918,15798,7047,
17748,7595,10236,19070,12888,10940,5713,9217,19075,19477,6352,8239,5180,8660,4153,4050,5700.0,7350,4404,6739,17669,6907,18886,4964,17703,19957,3953,13678,16968,5200,15520,16552,9476,9939,9623.5,15955,11859,15008,15573,19103,
15217,11472,13788,7796,3974,18322,14082,6718,4713,14910,3659,8761,18329,14234,14400,6468,8264,3777,14665,12090,18719,15769,10355,12758.0,15161,10277,9109,18441,5027,7701,10296,6808,6816,13562,17767,17933.5,18100,11519,18037,11787.5,5538,18185,19559,7677,5105,3791,3931,3722,11838,5186,18401,19779,9983,9387,12053,
12921,12560,15163,17854,17862,3636,5721,8772,18842,10857,10856,17595,13212.5,8830,7042,6756,8135,3989,19931,11318,10230,7874,14788,4099,15111,14603.5,14096,14361,15400,16795,9723,6293,11306,12900,11952,8597,9994,13943,5069,15015,13230.0,11445,19369,16697,6116,4738.5,16109,8939,5659,
12644,5496,3628,6743,16856,4594,15310,7063,19852,5682,6156,7598,13062,6668,7733,5009,15522,7404,16619,18323,11906,6568,7864,11402,16404,18713,14654,9847,9945,16600,8533,18286,11503,16839,13732.0,10625,13828,6914,15318,10137,14790,10575,
19577,8147,10548,12243,6687,17702,19466,13647,9502,12951,8145.0,3840,4747,8601,19778,12428,8462,12244,18608,16758,5408,15857,13266.5,10676,8652,3978,11782,6842,18681,12604,8416.5,16587,10099,16752,8439.5,11105,17993,11004.5,4016,10120,5436,14439,14148,
15057,5750,13602,13749,4773,10749,19319,16539,19063,18705,17240,3559,6110,5764,6568,11976,15749,4981.5,9675,16277,10457,17889,13212,7261,12578,7059.0,8281,12725,18762,15029.5,11297,4154,8598,13812,7837,
7531,7969,4018,18565,18479,19754,14552,4736,5321,15784,19851,4009,11630,7055,5852.5,10868,6329.0,10715,12222,12952,7510,14008,16410,17903,12784,12361,18293,5302,18154,16608,16419,17823,7934,14163,5395,5609,18445,7398,19402,
18630,9642,13693,7594,18157,13104,6640,18252,5705,3596,17645,16484,14443,12216,11332.5,10449,6734,4888,14804,15909,14064,6421,4837,11041,4808,19533,18460.5,17388,10409.0,17052,15738,11333,18665,15384,10383.5,5383,16452,7405,3628,10173,16959,10949,15434,4907,12804,4661,3780,
8882,19835,5372,17260,11634,9555,16820,17007,6635,10704,6826,4133,11337,9623,19692,10109,17765,16056,7639,19671,7672,12820.5,17969,16579,12572,17333,4832,8081,15301,5476,12633,18626,14926,12932,17348,15597,9380.5,15309,6065,5946,17355,14085,9389,16863,7214,17448,7226,15513,13500,12217,6715,17580,6526.5,9575,19436,6852,18618,11242,
14839,10376,9478,14728,8364,8488,14801,17931,14114,16897,14097,10963,17906,4322,11709,11569,12440,5950,4654,10875,15018,13260,16517,5072,7984,
15654,15579,19329,17477,7939,17573,4504,4197,11683,8967,19677,7879,9839,8760,9564.0,10368,12216,18819,10837.0,10651,11961,17907,17150,10442,13390,4135,13394,7663,8246,11028,6378,13806,19621,17093.0,14565,4607,9813,14885,6136,4770,16536,10992,19818,9090,10309.5,11529,19021,19800,14665,3905,
16223,16938,16999,18406,17176,4190,6493,4394.5,7396,16765,19581,12151,3705,13509,13860,13954,6539,9552.5,12566,5978,11171,10910.5,10650,6889,3534,8398,9490.5,10583,13753,18066,8273,17177,5669,15466,4060,9741,5371,15983,3876,10298.5,16721,12898,6430,12589,3577,9520,8863,14417,
8565,4624,8030,9142,17489,9100,4990,16536,5777,11837,11208,7004,19996,10780,3826,15196,7335,13019,3620,19655,13965,17294,16238,8325,12761,19612,16262.0,12912,6046,4471,4378,18002,19974,9596,7103,8359,10266,9021,5238,14648,10876,19570,9083,7116,7757,13605,13394,4418,17562,17039,9148,5944,18629,12362,5535,7840,4075,14400,12481,12149,9947,9114,8336.0,7558,9164,15791,13753,4587,
19080,4077,19153,5159,10791,16481,7934,5068,11964,11988,13463,16447,12661,8091,5595,8037.0,10479,10553,9665.0,8777,15536,17378,12637,5799,5350,15974,17171,14766,10134,9901,14023,12286,10038.0,7790,9072,8633,8952.5,9272,17040,17743,17310,9590.0,17049,18171,6811,17522,9597,
19625,17329,15731,10640,10911,4645,5436,13516,13137,18460,13161,8791,12007,17537,9232,8057,4991,5815.0,6639,7008,12274,7571.5,15794,8119,17312,7393,10241.0,13089,10356.0,7623,7569,15464,15176,10849,
7423,17363,9446,14096,16987,7291,10463,7018,14417,13483,19344,4244,11745.0,19246,16796,11636,9983.5,8331,14603,5216,6156,7045,18546,19024,14990,15526,11543,14221,15546.5,16872,18008,8070,5843,13108,17909,15801,15367,
9353,12465,5705,15170,15023,14863,19779,15967,19762,16815,9948,6387,15527,6732,16337,14283,11676,6040,19008,4186,15921,
7389,4237,4127,13805,19483,14571,7812,12970,4491,18358,15192,16384,12001,11227.0,10453,14230,18253,7683,11156,9070,5610,10419,6696,11729,4178,13140,11344,16281,17130.0,17979,4777,3594,5839,4877,17354,11201,
6331,3589,5319,19431,17498,12858,18088,7870,13017,11173,11629,8847,4493,6182.5,9353,8431,12533.5,16636,16594.0,16552,18586,10368,10491,11057,17414,4091,10593,18808,13192,16494,5014,11176,5109,13722,9996,6754,
14481,10106,9981,11983,7176,14620,9553,14433,15206,14225,9013,7978.0,6943,19210,17924,13463,12259,6269,5572,17768,8614,7872,10554,11127.5,11701,4424,11783,18643,4720,18042,4285.5,6890,17644,5682,18350,19119,17443.5,15768,18434,18738.5,19043,7436,11105,12811,5021,6040,12909,10192,10066,14016,8136,6461,19248,12770.5,6293,10674.5,15056,18331,5551,18268,18546,5776,18753,17468.0,16183,7411,8103,13374,
16094,12984,10422,11474,5693,13490,15637,12823,12158,7521.0,8807,8826,8521,9699,7842,6112,11284,19353,
16572,12672,12021,12132,5656,12841,12653,13819,12307,14528,11957,17421,10174,13945.0,17716,14749,15977,15544,6748,10748,13977,5304,14841,10556.5,6272,9346,16424,15654,11920.0,8186,13107,8717.5,4328,12526,8187,19111,13480,5067,5015,7679,9353,16771,13048,15631,6429,3697,17510,19448,8723,11553,14077,4102,
3861,7505,10642,11680,18872,18261,19844,11781,11990,7041.0,12484,8107,6860,7771.0,8682,12180,17395,13350,13155,4240,7744,19872,4995,14833,4285,8731,8736,17164,10304,14110.0,17916,4355,7738,9144,14892,3885,14135,12106,10842.0,9578,13009.0,16440,15688,18178,11944,18640,6038,12792,13344,6728,7475,8456,15774,4494,9125,9129,18954,17166,
12003,8883,13786,7895,6604,6212,14902,19372,18299,11967,8377.0,4787,4096,4418,11444.5,18471,12291,10115,11952,4359,5035,6283,3514,
19529,4635,13319,4956,5897,6556,16704,15110,11799.0,8488,19937,13364,12651,15062,10402,13878.0,17354,9402,16621,14092,8126,5435.0,9925,16144,12700,13351.0,14002,9341,6422,12371,14476,4589,
8050,16431,15106,6170,11372,9337,10723,10769,5502,19504,17832,9506.5,13607,19687,19156,12748,18690,12243,5517,11323,8125,8624,13865,15759,19558,17731,3926,7767.0,13735,9372,12458,8251,5252.0,19100,7417,7110.5,6804,8477,12701,4703,5094,15415,10046,
3869,17435,10837,8263,17110,4569,8170,15313,7033,4606,3989,10881,3812,6338,17313,16321,16870,17577,15625,13217,10406,16502,19755,19780,11761,12934,
14956,9263,4042,18128,10978,10334,14874,11379,9135.0,15907,3970,6057,8047,12115,10955,5877.0,11343,7521,14885,11405.0,7925,9803,15744,13622,18870,15418.5,11967,6092,16786,7378,6764,
4020,16903,9027,8227,11635,6737,7574,6004,4422,14461,11596,6002,16169,4562,9817,8493,4679.5,8528,19653,8566,19944,15392,10671,16403,18519,15155,17866,11884.5,5903,4741,3563,5227,17796,15446,14747,
13249,15960,7492,12042,10634,6637,5118,11219,12882,12685,13223,4769,7352,5867,5408,18568,19824,6120,5732,14863,7031,15297,17056.5,18816,11527,5029,15412,8097,12487.5,16878,8484.0,14828,12731,15842,15026,5591,13252,7555.0,8229,14598,15959,12760,12042,9077.0,6112,17480,18637,10598,3854,11333,16146,17765.0,19384,18668,19243,19690,5172,5137.5,7834,12199,16527,17068,17550,10387,5463,
5118,5594,11615,6876,7879,8120,16551,4203,13219,14136.5,15054,8932.5,15525,14354,5124,3848.5,9646,4119,5641.0,7163,14706,10509.5,6313,16554,5069,18573,17123,5840,7092,4033.5,12963,5264,12389,6244,14096,11082,7880,14942,10335,7805,10716,16423,9002,6997,11825,19987,14610,10212,11121,12671,12334,
4776,4627,7574,7008,8802,12551,16272,4180,13257,7946,12584.5,17223,3694,6576,9937.5,13299,11350,9388,8481,10243.5,12006,10066,13086,18182,18342,8929,8088,4683,5598,19531,14223,13122,6288,16775,9122,8280,8654.0,9028,10341.0,11654,10913,15376.5,19840,7467,19516,5976,8309,17557,10431,6806,17021,19059,17783,10338.0,18711,12551,6335,7347,10377,7332,
18774,8909,17344,17235,12496,18902,14295,9416,15659,15104,14140,18559,13733,6041,5973,11468,18085,16552,14109,13708,9519,10234,4113,4024,18740,13860,5079,13423,8508,18597,4147,13275,
12921,13619,19367,7805,10403,12482,9071,4048,18210,14108,18483,14062,3859,11929,14189.0,16449,4524,4792,8657,15432,5661,15288,14891,16842,
13534,9795,7728,6477,11226,16708,17845,8107,11280,5990,9013.5,12037,9022,12767,17203,10921,10161,11263,14597,4719,3538,16252,4981,9782,10663,12010,12296,7052,19010,12140,3764,16639,9441,15132,16936,5481,12731,10905,5820,18202,8016,11118,4737,3631,3540.0,4365,5885,12783,9513,12135,
4189,16892,12405,7385,4275,3641,4417,7831,12752,7792,11942,15891,17592,14335,4209,11100,5831,18648,14415.0,10182,6672,17642,9123,17285,13036.0,8787,13773,18312,16858,12451,4348,17380,11986.0,6592,6017,18432,16171,11619.5,7068,5563.5,4059,11185,6422,19767,19193,11580.5,3968,7685.0,11402,15593,9642,14529.0,19416,15514,15766,8424,17004,17748,7140,
7066,15613,6869,15240,12732,8460,7726,5837,13740,16151,17844,15900,9632.5,4588,12965,14377,11722,14340,18923,12658,16380,17862.0,19344,18284.0,17224,7896,12343,14943.5,17544,7406,13688,5302,15139,16222,8859,
6838,4566,14261,8460,19600,7739,11760,11631,19599,6231,12775,17538,11315.0,5092,5405,13633,5105,18754,12531,10677,14215,16534,14680,15034,10568,10035,6413,11811,12101,8519,13341,13182,7697,18879,16026,5972,3573,6562,7344,11776,10004.5,8233,4989,19943,17163,18556,5564,
5889,11224,9850,11555,13991,4812,7811,12519,11212,16945,17667,14043,19665,4224,12347,6285,6428,12005,14043.0,16081,9116,3808,11297,6599,5184,9199,13643,16634,8114,7621,8333.5,9046,5093,11179,11102,6145,4204.5,6578,14544,16267,15072.5,13878,4023,11032,14585,16347,19671,8546,12439,13669,18326,11908,7575,11927,
8925,16440,6189,19505,8062,6135,14471,4706,18454,16856,18682,16062,13576,10967,9220,6133,4907,16075,12105,14461,15942,18851,4655.0,9050,4875,7797,8987,6229,11994.5,17760,8823,4475,8377,19262,18482.0,17702,14557.0,11412,6202.0,9751,9132,13173,5730,5928.0,6126,4677,4812.5,4948,9668,17083,13372,5877.5,8293,19676,9465,9488,
11259,13270,18054,16910,13011,17708,12014,10009,4611,7117.5,9624,17265,7177,15547,5743,11946,10502,10787.5,11073,10236,18996,19983,13015,3763,12367,14564,3682,6046,15449,5567,11321,8473.0,5625,5517,14865,13752,11198,17613,15040,4778,12436,19694,4211,17923,13444,16902,9108,19430,3542,13377,12200,13618,16524,4600,16944,
6735,19963,5382,4420,5574,4377,10304,4042,9281,5181,11853,7800,16374,7511,18495,16166.0,13837,12089,4375,18762,15274,5100,5451,8744,4290,10766,4859,16064,7031,10191,14876,17827,11887,14118,5359,19108,7638,8278,9965,12797,8009,7188.0,6367,4548,8970,5092,11097,9849,5051,3688,17148,11623.0,6098,18958,15302,5220,19145,17650.0,16155,16263.5,16372,13873,15532,15062,5783,19684,9391,
6268,6866,16147,8567,3982,3698,8734,4538,13920,15322,12257,8595,14868,8627,11573,14976,12427,4095,8737,10060,15717,14467,4013,12570,6364,11214,6013,7678,6383.0,5088,4506,13536,17650,18294,17155,19587,6772,14428,4338,17478,6358,12523,11446,8396,9023,
8631,19481,11708,17735,18051,14396,14453,13389,19065,4466,9966,9410.0,8854,10825,17882,9198,9099,11468,19570,15381,11318,6256.5,18965,8980,6567,9800,9856,15171,9152,16133,6371,5973,7300,15174,4907,6219,10296.0,14373,10755,4998,6851,10753.0,14655,12214,8290,14912,4367,6778,5581,3707,5036,10115,13301,
19039,11915,3739,8332,14864,6569,14860,10401,16845,17707,9567,11109,12794,4051,10197,14105,19110,10826.5,13816,14750,5368,6229,4686,10928,5662.5,8196,8714.5,9233,16038,10021,13690,8217,17600,13694,14122,8719,6151,9605,5475,
16309,10749,11820,6501,9565,7252,16621,16508,16928,5894,6638,7730,10298,14567,17694,18069,19368,18664,
19351,14572,7652,19157,5048,15824,7429,17609,10209,9013,8432,12580,13087,18871,10316,15614,4941,14546,4217,3632,10021,10730,19204,
13977,12059,9679,16859,10390,5320,7340,13771,16611,15465,14273,4671,5636,8019,11442,10467,9929,5426,8918.5,12411,6822,9766,14451,3910,6452,16041,3811,8520,6861,16154,10221,16760,7649,7112,9251,6462.5,3674,10953,4995.5,8556,7756,12916,5483,12031,8176,15760,4656,19255,14590,9799,3948,8702,18542,12517,7635,9299,18171,4682,
12403,17853,6567,14092,14496,7369,14511,14204,8343,6337,15551,17485,8164,11350,10049,8197,17764,10316,10709,8831,8935,13666.0,18397,16454,15733,5255,11675,
17121,11645,16078,3521,3857,12242,16150,7282,12575,6683.0,7699,10955,12596,12094,10229,14609,7515,8531,4514.0,11780,13019,17980,12932,5609,12476,5393,15652,5771,19154,16576,19218,16897,11576,19531,17672,7519,13705,7014.5,19295,19037,11562,9015,19536,4147,7261,
9104,18165,16177,15977,19971,13635,17132,11657,9518,7015,8752,12357,12765,8263,14770,13268,6495,10688.0,14881,18421,14456,7990,13112,16323,12332,18461,19049.5,19638,6147,14484,12203,4389,19174,6863,11967,8180,11434,17827,13796.0,9765,11899,13579,8330,10142,6281,19692,15655,10819,
19462,12678,18089,10737,17050,14633,6965,8835,6073,16623,18633,16402,3825,18185,12210,16229,10969,19939,4466,4931,
17872,14723,11529,14865,7489,4920,5885,4801,16995,17108,11435,6053,10746,5864,8570.0,11276,3616,3842,10932,13074,12768,16229,16522,8486.0,10615,12166,18247,11037,5254,5476,19931,9156,10091,19417,8352,7326,
9786,4673,12424,19134,16877,18836,5801,6004,7790,14114,10115,12340,17209,7175,10577,17513,13648,12618,12756,13349,19535,19233,18414,12507,15954.0,19401,13291,11029,8677,6385,9115,9629,11916,15760,6010,18544,8434,8443,5158,10212,4308,12070,18437,8087,13627,12073,3995,
12866,5413,9421,13515,12210,16400,7788,13068,5658,17832,9217,10598,14039,17802,15362,19167,6615,8676.0,10737,12695,4173,19823,18471,5640,9279,12329,8010.0,13981,9210,19210,6857,3719.5,4939,12814,17997,8807,12102,10191.0,8280,9908,5119,13946,14540.0,15134,13536,12130,6520,7765,9148,
10255,12483,17411,4544,7901,7063,11309,14771,16435,14462,5080,19343,16839,12398,13959.0,15520,5464,17368,16093,3593,17152,
7211,13558,10631,9454,10764,15857,5487,10553,15555,9664.5,3774,16561,15349,8320,10061.5,11803,14256.0,16709,19514,13243,12666,3500,18188,9552,16395,16598,
11345,6230,4117,17434,4932,6784,5094,8534,7639,10128,13374,19650,7106,19043,13978,18609,18182,13593.0,9004,9819,9130,9251,13815.5,18380,5688,12368,11638,13330,17266,15292,16891,15011,13720,15898,15852.0,15806,6573,18412,12135.0,5858,9438,7249,3921,14066,5439,9240,9067,8353,19310,18018,16495,
6023,14865,16250,6705,14905,18775,9030,12930,13600,8763,19705,10418,19762,5784.5,9057,16236,5717,6871,12549.0,18227,15298,11556,15413,3874,16078,12458,8472,5293,15325,10460,9522,14100,8301,6625,
18402,9605,10517,7310,19834,11919,5853,17465,9062,4890,5736,10805,16487,7103,7392,17645,5450,19829,13834,4605,17539,16596,17643.5,18691,3829,3498,10768,7651.5,4535,18736,14403.0,10070,9192,13985,4768,18780,18392,16699,9909,4197,17274,11747,10427.5,17462,14009,4836,13705,12814,6521,9689,13317,12361.0,11405,4315,7565.5,10816,19537,16762,15661,11298,14998,14430,4989,18133,7645,
18639,12938,8073,5014,15246,16504,17973,4457,11517,11797.5,12078,15742,4475,19312,8937,7192.0,5447,9129,15300,15605,7113,16699,7523,4240.0,15750,13060,17594,3744,17227,7054,14518,5068,13100,8816,4692,4260,9604,16491,6179,12699,9036,6394,10461,10689,18298,5721,10026.5,18561,6552,8020,5125,16244,13079,11450,
19031,6021,5583,12829,5388,15977,12272,15365,15177,17631,10101,13233,15890,15932,15815,13767,11657,5385,17156,5692,11142,11297,5840,4010,4440,11453,5855,7101,12165,8782,17205,11248,18288,12453,10651,16320,10437,11777,11367,3829,5697,5715,10375.0,15035,3631,4101.5,4572,19447,4890,3775,9025,4166,10690,7904.5,5119,17336,5255,12436,16843,11025,15688,11597,7295,4429,18643,
17193,3881,19505,4744,10598,14484,8812,14668,4878,5865,4976,4656,9955,4828,7556.0,10284,15217,11527.5,7838,6610,5668,11885,10113,14081,10942,7904,7386,3999,7189,13926,19046,
10178,5114,18029,12740,6928,9043,10724,12375,7946,19888,11895,5990.5,8294,12691,5128,5058,16456,6921,9960,18881,10021,10869,16030,9839,
17994,14087,4790,17669,15047,12449,9995,11676,16256,11398,9587,16779,5145,15445,12146,14646.5,17147,15357,14325,13780,11629,11902,7284,16825,9355,15515,14571.5,13628,9516,3631,6200,11888,9773,14459.0,19145,15334,13888,14792,5329,14812,6738,13412,9353,4378,8233,7112,
7273,10238,3975,9258,10374,11807,3707,7863,5546,9440,5463.0,18940,18882.0,18824,9363,19768,17068,5239,11481,19267,17086,7863.5,13471,11402,10881,13953,15698.5,17444,8892,18132,8719,8436,10895,10215,18905,9175,9416,11113,10584,17872,17564,10742.0,18600,17714,13591,12314,9708,8731,17400,9397,3717,18052,8143,14165,
13081,17027,9056,15342,13431,3911,7454,5301,9838,7730.0,5622,9323,10774,15101,10768,8355,12313,8315,9339,6908,4180.5,15748,13325.0,10902,12958,8197,5617,7512,5240,15013,
7725,17427,9482,7209,8340,13917,6974,7908,5014,6396,8451,9779,4249,5273,12317,19764,
15253,7801,10345,7972,6751,13615,10585,17636,11873,9916.0,7959,4871,8164,17553,11378.0,5203,17197,11054,7792,6414,14869,18612,19604,17662,17598,
18705,16135,19792,9779,6354,4126,13595,7447,3786,3705,16247,11609,5680,12181.0,18682,8217,5819,9427,13314,11162,12754,12561,15130,19783,18493.0,17203,7985.0,13575,4894,15824,17115,19204,16061,14992,8152,5404,18380,7997,18907,18096,9529,
8125,12202,12293,3828,4178,18923,15433,6024,4723,18148,7578,15827,12146.0,8465,16918,4476,7040.5,9605,4481,5303,4978,10589,10145,4778,16265,17927.0,19589,18338,11861,19366,17012,9642,14400,8278,9996,6211,
17556,17028,10412,11066,17633,18262,15333,13361,8965,16493,19165,16114,4005,4384,5505.0,6626,14737,4618,19721,14551,15426,5826,15905,15094,6923,10348.5,19747,5141,11237,11297,9612,18144,14600,14264,17799,18820.5,19842,10121,17493,16672,16439,4661,18601,12187.0,5773,10941,13433,15002,15917,5362.0,9960,11999,7694,4078,9533,
15269,4960,12827,10880,11481,10057,10015,11764,9280,16005,19834,8635,11099,19379,12745,19933,17109,7375,7376,19805,17264,18844,16481,8394,17928,10265,15658,7160,10039.0,12918,12948,7599,12776,19847,19039,4928,19330,15733,19642,15264,17311,
15659,11186,17853,10209,5189,7384,15383,15762,13079,13977.5,14876,6991,3927,18441,5577,8563,17069,7089,17191,13309.5,9428,6751,12691,13961,8064,4302.0,7731,14230,10702,6864,17393,15191.5,12990,7444,14626,11226,6404.5,15970,3847,17212,16279,19445,10232.5,19186,4823,11783,7119.5,17240,14591,13930,15310,10496,
11982,15033,6010,19396,13096,19664,15545,6032,17708,10642,7887.0,15028,12753,15812,4333,19593,12918,9299.5,5681,11836,11370.5,10905,11724,8615,5367,15373,
6403,7725,17947,5802,11586,17663,18221,19906,10623,8161,14402,7921.5,16121,6721,13863,15228,17344,12989,6043,17790,10280,9395,7777,
15164,7480,11357,7982,11843,19094,6249,5774,5792,3617,4188,10413,7375,17066,16228.5,15391,19109,15292,8287,7517,4601,11142.0,17683,10347,9827,11535.0,13243,11159,18122,9411,14522,17343,17512,9388,17659,8318,12927,10316.0,7705,7770,3902,11937,11469,16871,10909.5,4948,14103,19771,4701,6373,18556,
3905,10073,18043,8514,14452,11909,16568,4883,11487,5950,6354,7329,13098.0,18867,6668,5799,14035,9657.0,5279,11948,11888,5482,13260,18593,15503.5,12414,6508,16411,6596,4868,16372,4256,16709,15602,10746,10712,14058,18267,9285,9877,10099,7520,4650,19062,
9085,16641,3930,9832,15991,8598,19915,9578,8539,17434,10284,8782,12917,10153,10053,11003,19854,
7261,19809,17276,11098,17090,4710,5562,16489,10179,8565,5958,9048,3526,11311,19833,3981,18364,10922,16974,8227,17484,3687,9791,17911,3507,17691,13246,17546,4730,12729,19997,8629,19747,16956,19679,8274,5865,15968,17654,18421.5,19189,4202,3557,9235,6178,12773,6792.0,15887,4650,13083,12474,4432,5636,14191,8574,8546,8984,4623.5,6302,5227,6214.0,7201,4659,19519,19194,17686,
10783,14574,17817,4305,12821,9995,15093,14914,19481,4910,16845,10566,13138,4569,12824,15298,10750,5698,14284,12245.5,10207,17276,15750,14022,11043,15353,15811.5,16270,10264,9305.0,8346,19327,13874.5,8422,19877,5482,6406,13126,16130.5,19135,12639,4169,19625,15738.5,11852,17602,10608,15042,11842,5567,14618,12065,13984.5,15904,7694,6472,7108,17693,9984,9229,11115,13351,
12227,11775,5592,4572,12372,17326,19305,8192,4124,9572,8451,12957,16751,11642,13006,10981,7469.5,3958,13762,8228,8186,7010,4943.5,18066,10638,10238,12626,7800,7574.0,7348,8950,7483,12074,14237.5,16401,15007,9456.0,3905,17148,7776,16207,9971,6780,12515,16414,
9012,17237,5548,18045,17839,18426,13927,16754,3686,6217,13241,17934,13843,4458,17413,9000,14900,19085,16695,4624,11590,5721,14852,17374,15169,3552,18222,13603,18221,9694,15016,3552,18217,7323,4536,8170,4448.5,11306,7844,9815,7103,4718,19356,10689,16107,19507,10584,11109,18393,17111,17890,14463,16327,6851,17912,16366,5993,
16705,19134,6937,4607,9564,19974,14141,8648,19533,12958,16588,8359,10094,5591,5011,19604,7642,18399,4865,13837,16274,19384,4837,11858,9476,19626,18167.0,16708,9775.5,17642,12727,16284,14492.0,12700,7860,8083,18304,13691,6827,15694,10121,4557,8368,10272,14201,4350,12926,4831,11187,13954,19375,19722,14778,8304,12205,11140,18868,12269,13431,12933,15210,10946,
15429,6331,8881,7863,5202,12948,8655,17731,17467,9373,19963,15605,16112,16143,14644,7007,18613,7905,8137,12819,10250,5136,8064,8281,17782,7564,17718,7231,10451,11165,16703,5208,7852,12927,13065,16516,9397,9355,3992,4913.0,5834,11340.5,16847,11103,5102,6470,14567,4239,14884,8382,9162,18820,10176,
13079,10839,16303,14619,7093,8009,17565,6522,12303,14866,15944,3549,4609,16189,5147,6938,3860,3968,13569,18425,14275,17167,6120,6197,19507,10983.5,8320.5,16015,13012,5653,12069,12949,9365.0,5781,11840.0,17899,13433,13901,19369,8351,14376,12344,6054,13678,6350,14932,19009,8573,17122,6361,4464,18062,11525,8537,13671,14920,15647,
5898,5886,16847,17874,7510,8111,4877,12763,13972.5,15182,17422,4264,5627.0,8161,12504.0,16847,5561,16592,5463,12058,6036,18993,15729,19614,16755,16903.5,17052,12385,13555,17110,13162.5,9215,8039,17096,10535.5,3975,16678,3776,16828,10223,5768.0,17899,12984,9196.5,16798,13447,16308,5455,
9686,10010,13347,18670,17508,11200,7579,12748,19337,18007,19593,10237,17779,9405,5500.0,19073,12877,17195,9112,18066,4623,8869,9238,13334,
